SFO: (37.621313, -122.378955)
SEA: (47.443590, -122.296073)
PHX: (33.437269, -112.007788)
LAX: (33.941589, -118.40853)
AUS: (30.197429, -97.666306)
ANC: (61.175886, -149.990079)
SLC: (40.789940, -111.979071)
DEN: (39.856096, -104.673738)
MEM: (35.042068, -89.979173)
HNL: (21.324513, -157.925074)
KOA: (19.736916, -156.042925)
JFK: (40.641311, -73.778139)
EUG: (44.121781, -123.2159)
ORD: (41.974162, -87.907321)
BOS: (42.365613, -71.00956)
MIA: (25.795865, -80.287046)
PHL: (39.874396, -75.242423)